crossing time (s)	slope (V/s)	crossing number
281474976710655.000000	9.589686	3869	406182494208.000000
281474976710655.000000	9.956916	3870	406183542784.000000
281474976710655.000000	9.515099	3871	406184591360.000000
281474976710655.000000	9.724681	3872	406185607168.000000
281474976710655.000000	9.653841	3873	406186655744.000000
281474976710655.000000	9.764853	3874	406187704320.000000
281474976710655.000000	9.339654	3875	406188720128.000000
281474976710655.000000	9.155752	3876	406189768704.000000
281474976710655.000000	9.354086	3877	406190784512.000000
281474976710655.000000	8.947648	3878	406191833088.000000
281474976710655.000000	8.860689	3879	406192881664.000000
281474976710655.000000	8.567580	3880	406193930240.000000
281474976710655.000000	9.879679	3881	406194946048.000000
281474976710655.000000	9.307179	3882	406195994624.000000
281474976710655.000000	10.280619	3883	406197010432.000000
281474976710655.000000	9.598821	3884	406198059008.000000
281474976710655.000000	8.732909	3885	406199107584.000000
281474976710655.000000	9.847772	3886	406200123392.000000
281474976710655.000000	9.875839	3887	406201171968.000000
281474976710655.000000	9.567417	3888	406202220544.000000
281474976710655.000000	9.194669	3889	406203236352.000000
281474976710655.000000	9.374553	3890	406204284928.000000
281474976710655.000000	9.386728	3891	406205333504.000000
281474976710655.000000	10.261243	3892	406206349312.000000
281474976710655.000000	9.210453	3893	406207397888.000000
281474976710655.000000	9.876715	3894	406208446464.000000
281474976710655.000000	9.707375	3895	406209462272.000000
281474976710655.000000	9.415161	3896	406210510848.000000
281474976710655.000000	10.532543	3897	406211526656.000000
281474976710655.000000	8.944680	3898	406212575232.000000
281474976710655.000000	9.302613	3899	406213623808.000000
281474976710655.000000	10.102066	3900	406214639616.000000
281474976710655.000000	9.674122	3901	406215688192.000000
281474976710655.000000	8.542579	3902	406216736768.000000
281474976710655.000000	9.604913	3903	406217752576.000000
281474976710655.000000	9.303916	3904	406218801152.000000
281474976710655.000000	10.483747	3905	406219849728.000000
281474976710655.000000	9.839192	3906	406220865536.000000
281474976710655.000000	9.572807	3907	406221914112.000000
281474976710655.000000	9.953777	3908	406222962688.000000
281474976710655.000000	9.760768	3909	406223978496.000000
281474976710655.000000	9.524591	3910	406225027072.000000
281474976710655.000000	10.043898	3911	406226042880.000000
281474976710655.000000	9.545443	3912	406227091456.000000
281474976710655.000000	9.169417	3913	406228140032.000000
281474976710655.000000	9.907947	3914	406229155840.000000
281474976710655.000000	10.037715	3915	406230204416.000000
281474976710655.000000	9.045449	3916	406231252992.000000
281474976710655.000000	9.641865	3917	406232268800.000000
281474976710655.000000	9.854591	3918	406233317376.000000
281474976710655.000000	8.872653	3919	406234333184.000000
281474976710655.000000	8.946568	3920	406235381760.000000
281474976710655.000000	8.430034	3921	406236430336.000000
281474976710655.000000	8.582674	3922	406237478912.000000
281474976710655.000000	8.582359	3923	406238494720.000000
281474976710655.000000	9.810602	3924	406239543296.000000
281474976710655.000000	9.580607	3925	406240559104.000000
281474976710655.000000	9.418555	3926	406241607680.000000
281474976710655.000000	8.962867	3927	406242656256.000000
281474976710655.000000	10.403653	3928	406243704832.000000
281474976710655.000000	10.388580	3929	406244720640.000000
281474976710655.000000	9.157032	3930	406245769216.000000
281474976710655.000000	8.932578	3931	406246785024.000000
281474976710655.000000	10.075093	3932	406247833600.000000
281474976710655.000000	8.473612	3933	406248882176.000000
281474976710655.000000	10.118472	3934	406249897984.000000
281474976710655.000000	9.015091	3935	406250946560.000000
281474976710655.000000	9.341298	3936	406251995136.000000
281474976710655.000000	8.692580	3937	406253010944.000000
281474976710655.000000	9.812418	3938	406254059520.000000
281474976710655.000000	10.206337	3939	406255075328.000000
281474976710655.000000	10.145318	3940	406256123904.000000
281474976710655.000000	8.970226	3941	406257172480.000000
281474976710655.000000	9.319869	3942	406258221056.000000
281474976710655.000000	9.750527	3943	406259236864.000000
281474976710655.000000	8.987655	3944	406260285440.000000
281474976710655.000000	9.531182	3945	406261301248.000000
281474976710655.000000	9.678741	3946	406262349824.000000
281474976710655.000000	9.632900	3947	406263398400.000000
281474976710655.000000	10.860758	3948	406264414208.000000
281474976710655.000000	9.223111	3949	406265462784.000000
281474976710655.000000	8.976301	3950	406266511360.000000
281474976710655.000000	8.293416	3951	406267527168.000000
281474976710655.000000	9.638569	3952	406268575744.000000
281474976710655.000000	9.312625	3953	406269591552.000000
281474976710655.000000	9.603327	3954	406270640128.000000
281474976710655.000000	8.653904	3955	406271688704.000000
281474976710655.000000	9.400917	3956	406272737280.000000
281474976710655.000000	9.793230	3957	406273753088.000000
281474976710655.000000	9.841822	3958	406274801664.000000
281474976710655.000000	9.024519	3959	406275817472.000000
281474976710655.000000	9.422755	3960	406276866048.000000
281474976710655.000000	9.485917	3961	406277914624.000000
281474976710655.000000	10.869046	3962	406278930432.000000
281474976710655.000000	9.957726	3963	406279979008.000000
281474976710655.000000	9.579873	3964	406281027584.000000
281474976710655.000000	10.076224	3965	406282043392.000000
281474976710655.000000	8.476532	3966	406283091968.000000
281474976710655.000000	10.097727	3967	406284107776.000000
281474976710655.000000	8.635083	3968	406285156352.000000
281474976710655.000000	9.118885	3969	406286204928.000000
281474976710655.000000	9.773919	3970	406287253504.000000
281474976710655.000000	9.306489	3971	406288269312.000000
281474976710655.000000	10.216394	3972	406289317888.000000
281474976710655.000000	9.992495	3973	406290333696.000000
281474976710655.000000	9.034313	3974	406291382272.000000
281474976710655.000000	10.521298	3975	406292430848.000000
281474976710655.000000	10.400214	3976	406293479424.000000
281474976710655.000000	10.536686	3977	406294495232.000000
281474976710655.000000	8.394694	3978	406295543808.000000
281474976710655.000000	9.473585	3979	406296559616.000000
281474976710655.000000	9.846366	3980	406297608192.000000
281474976710655.000000	9.780413	3981	406298624000.000000
281474976710655.000000	8.709328	3982	406299672576.000000
281474976710655.000000	9.974425	3983	406300721152.000000
281474976710655.000000	9.002260	3984	406301769728.000000
281474976710655.000000	9.346395	3985	406302785536.000000
281474976710655.000000	9.131567	3986	406303834112.000000
281474976710655.000000	10.188616	3987	406304849920.000000
281474976710655.000000	8.020462	3988	406305898496.000000
281474976710655.000000	9.784070	3989	406306947072.000000
281474976710655.000000	9.982656	3990	406307995648.000000
281474976710655.000000	8.640738	3991	406309011456.000000
281474976710655.000000	9.371209	3992	406310060032.000000
281474976710655.000000	9.293555	3993	406311075840.000000
281474976710655.000000	9.543608	3994	406312124416.000000
281474976710655.000000	9.342430	3995	406313172992.000000
281474976710655.000000	10.479618	3996	406314188800.000000
281474976710655.000000	10.353310	3997	406315237376.000000
281474976710655.000000	8.240772	3998	406316285952.000000
281474976710655.000000	9.104424	3999	406317301760.000000
281474976710655.000000	9.360789	4000	406318350336.000000
281474976710655.000000	11.503181	4001	406319366144.000000
281474976710655.000000	8.754816	4002	406320414720.000000
281474976710655.000000	8.619761	4003	406321463296.000000
281474976710655.000000	9.648291	4004	406322511872.000000
281474976710655.000000	10.132512	4005	406323527680.000000
281474976710655.000000	9.441566	4006	406324576256.000000
281474976710655.000000	10.087224	4007	406325592064.000000
281474976710655.000000	9.457864	4008	406326640640.000000
281474976710655.000000	9.342175	4009	406327689216.000000
281474976710655.000000	9.525127	4010	406328705024.000000
281474976710655.000000	10.767872	4011	406329753600.000000
281474976710655.000000	9.247449	4012	406330802176.000000
281474976710655.000000	9.309921	4013	406331817984.000000
281474976710655.000000	10.233900	4014	406332866560.000000
281474976710655.000000	9.551608	4015	406333915136.000000
281474976710655.000000	9.243985	4016	406334930944.000000
281474976710655.000000	9.045131	4017	406335979520.000000
281474976710655.000000	9.648192	4018	406337028096.000000
281474976710655.000000	9.736127	4019	406338043904.000000
281474976710655.000000	9.261518	4020	406339092480.000000
281474976710655.000000	9.547278	4021	406340108288.000000
281474976710655.000000	9.881929	4022	406341156864.000000
281474976710655.000000	9.525305	4023	406342205440.000000
281474976710655.000000	10.773538	4024	406343221248.000000
281474976710655.000000	9.531242	4025	406344269824.000000
281474976710655.000000	9.394292	4026	406345318400.000000
281474976710655.000000	9.496758	4027	406346334208.000000
281474976710655.000000	9.496756	4028	406347382784.000000
281474976710655.000000	10.803679	4029	406348398592.000000
281474976710655.000000	9.171462	4030	406349447168.000000
281474976710655.000000	9.433940	4031	406350495744.000000
281474976710655.000000	8.911047	4032	406351544320.000000
281474976710655.000000	9.287621	4033	406352560128.000000
281474976710655.000000	9.481298	4034	406353608704.000000
281474976710655.000000	10.088166	4035	406354624512.000000
281474976710655.000000	8.689257	4036	406355673088.000000
281474976710655.000000	9.163739	4037	406356721664.000000
281474976710655.000000	11.395616	4038	406357770240.000000
281474976710655.000000	10.674366	4039	406358786048.000000
281474976710655.000000	8.651285	4040	406359834624.000000
281474976710655.000000	8.183398	4041	406360850432.000000
281474976710655.000000	9.522580	4042	406361899008.000000
281474976710655.000000	8.412745	4043	406362947584.000000
281474976710655.000000	9.982579	4044	406363963392.000000
281474976710655.000000	8.788222	4045	406365011968.000000
281474976710655.000000	9.398078	4046	406366060544.000000
281474976710655.000000	8.830487	4047	406367076352.000000
281474976710655.000000	9.509789	4048	406368124928.000000
281474976710655.000000	9.043669	4049	406369140736.000000
281474976710655.000000	9.507676	4050	406370189312.000000
281474976710655.000000	9.149508	4051	406371237888.000000
281474976710655.000000	9.414004	4052	406372286464.000000
281474976710655.000000	9.346314	4053	406373302272.000000
281474976710655.000000	9.382323	4054	406374350848.000000
281474976710655.000000	9.167255	4055	406375366656.000000
281474976710655.000000	9.223831	4056	406376415232.000000
281474976710655.000000	9.577129	4057	406377463808.000000
281474976710655.000000	11.541433	4058	406378479616.000000
281474976710655.000000	9.567595	4059	406379528192.000000
281474976710655.000000	9.108001	4060	406380576768.000000
281474976710655.000000	9.762405	4061	406381592576.000000
281474976710655.000000	9.967999	4062	406382641152.000000
281474976710655.000000	10.101501	4063	406383656960.000000
281474976710655.000000	9.045503	4064	406384705536.000000
281474976710655.000000	8.671420	4065	406385754112.000000
281474976710655.000000	10.340670	4066	406386802688.000000
281474976710655.000000	9.242959	4067	406387818496.000000
281474976710655.000000	9.529819	4068	406388867072.000000
281474976710655.000000	9.569284	4069	406389882880.000000
281474976710655.000000	9.362307	4070	406390931456.000000
281474976710655.000000	9.628581	4071	406391980032.000000
281474976710655.000000	10.819682	4072	406392995840.000000
281474976710655.000000	9.418492	4073	406394044416.000000
281474976710655.000000	8.883179	4074	406395092992.000000
281474976710655.000000	8.588575	4075	406396108800.000000
281474976710655.000000	9.870451	4076	406397157376.000000
281474976710655.000000	9.985610	4077	406398173184.000000
281474976710655.000000	9.100045	4078	406399221760.000000
281474976710655.000000	9.261140	4079	406400270336.000000
281474976710655.000000	9.439157	4080	406401318912.000000
281474976710655.000000	10.260600	4081	406402334720.000000
281474976710655.000000	9.615747	4082	406403383296.000000
281474976710655.000000	9.278101	4083	406404399104.000000
281474976710655.000000	8.775758	4084	406405447680.000000
281474976710655.000000	10.481732	4085	406406496256.000000
281474976710655.000000	10.627599	4086	406407512064.000000
281474976710655.000000	9.782259	4087	406408560640.000000
281474976710655.000000	8.706094	4088	406409609216.000000
281474976710655.000000	9.270292	4089	406410625024.000000
281474976710655.000000	9.285848	4090	406411673600.000000
281474976710655.000000	9.260082	4091	406412689408.000000
281474976710655.000000	8.627984	4092	406413737984.000000
281474976710655.000000	8.426917	4093	406414786560.000000
281474976710655.000000	9.411503	4094	406415835136.000000
281474976710655.000000	9.772094	4095	406416850944.000000
281474976710655.000000	9.721118	4096	406417899520.000000
281474976710655.000000	10.122603	4097	406418915328.000000
281474976710655.000000	8.994718	4098	406419963904.000000
281474976710655.000000	8.225833	4099	406421012480.000000
281474976710655.000000	11.300083	4100	406422028288.000000
281474976710655.000000	9.555882	4101	406423076864.000000
281474976710655.000000	9.588083	4102	406424125440.000000
281474976710655.000000	9.208108	4103	406425141248.000000
281474976710655.000000	10.112062	4104	406426189824.000000
281474976710655.000000	10.353662	4105	406427205632.000000
281474976710655.000000	9.398424	4106	406428254208.000000
281474976710655.000000	8.802507	4107	406429302784.000000
281474976710655.000000	9.599236	4108	406430351360.000000
281474976710655.000000	9.436803	4109	406431367168.000000
281474976710655.000000	10.311885	4110	406432415744.000000
281474976710655.000000	10.132552	4111	406433431552.000000
281474976710655.000000	9.472395	4112	406434480128.000000
281474976710655.000000	9.212692	4113	406435528704.000000
281474976710655.000000	9.848361	4114	406436577280.000000
281474976710655.000000	9.308088	4115	406437593088.000000
281474976710655.000000	9.868067	4116	406438641664.000000
281474976710655.000000	9.838108	4117	406439657472.000000
281474976710655.000000	9.519760	4118	406440706048.000000
281474976710655.000000	9.032752	4119	406441754624.000000
281474976710655.000000	10.680943	4120	406442770432.000000
281474976710655.000000	9.275630	4121	406443819008.000000
281474976710655.000000	8.233057	4122	406444867584.000000
281474976710655.000000	9.509529	4123	406445883392.000000
281474976710655.000000	9.619836	4124	406446931968.000000
281474976710655.000000	10.784849	4125	406447947776.000000
281474976710655.000000	9.481044	4126	406448996352.000000
281474976710655.000000	9.006921	4127	406450044928.000000
281474976710655.000000	10.261228	4128	406451093504.000000
281474976710655.000000	10.087007	4129	406452109312.000000
281474976710655.000000	9.032935	4130	406453157888.000000
281474976710655.000000	9.290174	4131	406454173696.000000
281474976710655.000000	8.639420	4132	406455222272.000000
281474976710655.000000	9.972183	4133	406456270848.000000
281474976710655.000000	9.091065	4134	406457286656.000000
281474976710655.000000	9.905460	4135	406458335232.000000
281474976710655.000000	9.390893	4136	406459383808.000000
281474976710655.000000	8.419534	4137	406460399616.000000
281474976710655.000000	9.383671	4138	406461448192.000000
281474976710655.000000	10.477620	4139	406462464000.000000
281474976710655.000000	9.565068	4140	406463512576.000000
281474976710655.000000	9.446101	4141	406464561152.000000
281474976710655.000000	9.096801	4142	406465609728.000000
281474976710655.000000	9.173959	4143	406466625536.000000
281474976710655.000000	8.940867	4144	406467674112.000000
281474976710655.000000	10.424659	4145	406468689920.000000
281474976710655.000000	8.994760	4146	406469738496.000000
281474976710655.000000	9.482979	4147	406470787072.000000
281474976710655.000000	10.638080	4148	406471802880.000000
281474976710655.000000	9.665188	4149	406472851456.000000
281474976710655.000000	8.433392	4150	406473900032.000000
281474976710655.000000	8.818992	4151	406474915840.000000
281474976710655.000000	9.824294	4152	406475964416.000000
281474976710655.000000	9.039868	4153	406476980224.000000
281474976710655.000000	8.674999	4154	406478028800.000000
281474976710655.000000	8.858202	4155	406479077376.000000
281474976710655.000000	8.669253	4156	406480125952.000000
281474976710655.000000	8.648153	4157	406481141760.000000
281474976710655.000000	9.013129	4158	406482190336.000000
281474976710655.000000	9.972692	4159	406483206144.000000
281474976710655.000000	8.173403	4160	406484254720.000000
281474976710655.000000	8.414464	4161	406485303296.000000
281474976710655.000000	9.593553	4162	406486319104.000000
281474976710655.000000	10.081513	4163	406487367680.000000
281474976710655.000000	8.828991	4164	406488416256.000000
281474976710655.000000	9.308647	4165	406489432064.000000
281474976710655.000000	9.915859	4166	406490480640.000000
281474976710655.000000	9.746644	4167	406491529216.000000
281474976710655.000000	9.951459	4168	406492545024.000000
281474976710655.000000	8.990973	4169	406493593600.000000
281474976710655.000000	8.319343	4170	406494642176.000000
281474976710655.000000	9.631213	4171	406495657984.000000
281474976710655.000000	9.292341	4172	406496706560.000000
281474976710655.000000	10.207414	4173	406497722368.000000
281474976710655.000000	8.976129	4174	406498770944.000000
281474976710655.000000	8.810521	4175	406499819520.000000
281474976710655.000000	9.097685	4176	406500868096.000000
281474976710655.000000	8.731597	4177	406501883904.000000
281474976710655.000000	9.351972	4178	406502932480.000000
281474976710655.000000	10.073077	4179	406503948288.000000
281474976710655.000000	9.150222	4180	406504996864.000000
281474976710655.000000	10.314800	4181	406506045440.000000
281474976710655.000000	10.572001	4182	406507061248.000000
281474976710655.000000	9.037937	4183	406508109824.000000
281474976710655.000000	9.606495	4184	406509158400.000000
281474976710655.000000	9.658655	4185	406510174208.000000
281474976710655.000000	8.977942	4186	406511222784.000000
281474976710655.000000	11.343617	4187	406512238592.000000
281474976710655.000000	9.582045	4188	406513287168.000000
281474976710655.000000	8.708870	4189	406514335744.000000
281474976710655.000000	9.061380	4190	406515384320.000000
281474976710655.000000	10.560196	4191	406516400128.000000
281474976710655.000000	8.759009	4192	406517448704.000000
281474976710655.000000	9.948270	4193	406518464512.000000
281474976710655.000000	9.383775	4194	406519513088.000000
281474976710655.000000	8.609995	4195	406520561664.000000
281474976710655.000000	10.474195	4196	406521577472.000000
281474976710655.000000	10.730262	4197	406522626048.000000
281474976710655.000000	10.818100	4198	406523674624.000000
281474976710655.000000	10.079542	4199	406524690432.000000
281474976710655.000000	10.907662	4200	406525739008.000000
281474976710655.000000	9.882850	4201	406526787584.000000
281474976710655.000000	10.277521	4202	406527803392.000000
281474976710655.000000	9.145743	4203	406528851968.000000
281474976710655.000000	9.647473	4204	406529900544.000000
281474976710655.000000	8.789919	4205	406530916352.000000
281474976710655.000000	9.285151	4206	406531964928.000000
281474976710655.000000	9.214907	4207	406532980736.000000
281474976710655.000000	9.550323	4208	406534029312.000000
281474976710655.000000	9.571678	4209	406535077888.000000
281474976710655.000000	10.021021	4210	406536093696.000000
281474976710655.000000	9.566845	4211	406537142272.000000
281474976710655.000000	9.044754	4212	406538190848.000000
281474976710655.000000	9.607126	4213	406539206656.000000
281474976710655.000000	9.902636	4214	406540255232.000000
281474976710655.000000	9.790562	4215	406541303808.000000
281474976710655.000000	9.895208	4216	406542319616.000000
281474976710655.000000	8.798345	4217	406543368192.000000
281474976710655.000000	9.930505	4218	406544416768.000000
281474976710655.000000	8.892484	4219	406545432576.000000
281474976710655.000000	9.240739	4220	406546481152.000000
281474976710655.000000	9.947428	4221	406547496960.000000
281474976710655.000000	9.570322	4222	406548545536.000000
281474976710655.000000	9.582588	4223	406549594112.000000
281474976710655.000000	8.349703	4224	406550609920.000000
281474976710655.000000	9.679818	4225	406551658496.000000
281474976710655.000000	9.263857	4226	406552707072.000000
281474976710655.000000	9.637720	4227	406553722880.000000
281474976710655.000000	9.902402	4228	406554771456.000000
281474976710655.000000	9.627765	4229	406555820032.000000
