num crossings	time (s)	maj axis (mm)	min axis (mm)	theta (rad )	slope (V/s)
3869	406181.208288	53.636682	0.525740	1.608850	9.642153
3871	406183.282691	54.648517	0.654434	1.594811	9.450031
3873	406185.356943	52.724096	0.354842	1.570418	9.716180
3875	406187.429817	52.800916	0.348727	1.572259	9.764107
3877	406189.504574	52.794734	0.517636	1.573299	9.385842
3879	406191.578260	54.647886	0.668395	1.594942	9.803185
3881	406193.652355	52.853887	0.350800	1.571772	9.312672
3883	406195.725691	54.731885	0.615102	1.607643	10.023336
3885	406197.800042	54.225011	0.581453	1.592088	9.856920
3887	406199.874253	53.891796	3.120513	1.541659	9.593896
3889	406201.947331	54.447923	0.776368	1.598183	9.781206
3891	406204.021760	52.709507	0.349757	1.569609	9.360169
3893	406206.095686	52.910537	0.375885	1.571522	9.761126
3895	406208.168813	54.268462	0.686537	1.593880	9.515266
3897	406210.243202	52.722653	0.369757	1.571363	9.394580
3899	406212.316708	52.483682	0.345881	1.571551	9.570643
3901	406214.391288	54.034130	3.115438	1.540214	9.232189
3903	406216.464680	53.762507	0.558184	1.607233	9.826075
3905	406218.537704	54.567144	0.679096	1.592964	9.477472
3907	406220.612028	52.702661	0.359181	1.568800	9.758256
3909	406222.685347	53.496270	3.186791	1.540719	9.461042
3911	406224.759249	54.227845	0.583397	1.606578	9.536648
3913	406226.833053	54.448770	0.598805	1.607276	9.427132
3915	406228.909410	53.997297	0.549980	1.589211	9.797021
3917	406230.983980	54.556041	3.055871	1.539731	9.669952
3919	406233.058533	54.547584	0.613050	1.606660	9.633782
3921	406235.132453	54.369499	0.592967	1.589820	9.569881
3923	406237.206123	56.206714	3.356006	1.536694	9.621686
3925	406239.279707	54.660338	0.628390	1.605985	9.852786
3927	406241.353894	52.681123	0.391469	1.570001	9.404609
3929	406243.427796	52.772081	0.373288	1.569690	9.723519
3931	406245.501363	52.755711	0.549453	1.570817	9.867292
3933	406247.575461	52.646014	0.368329	1.570386	9.479289
3935	406249.649305	52.789474	0.375485	1.569223	9.867428
3937	406251.723197	52.634188	0.356484	1.570386	10.187701
3939	406253.797339	52.756728	0.373325	1.569253	9.485334
3941	406255.870671	54.326208	0.608405	1.605340	9.472894
3943	406257.944960	54.464956	0.595297	1.605130	9.296745
3945	406260.018932	54.172759	0.633954	1.589407	10.096308
3947	406262.092736	52.496622	0.367903	1.569130	9.845183
3949	406264.166947	54.042925	3.101051	1.538056	9.296211
3951	406266.239817	52.644633	0.375296	1.569796	9.712036
3953	406268.314569	52.595908	0.358208	1.568582	9.462456
3955	406270.388616	52.899665	0.326844	1.568830	9.372324
3957	406272.462315	52.697307	0.374614	1.566680	9.364291
3959	406274.536247	54.624491	3.323803	1.534231	9.789248
3961	406276.609895	53.195081	0.540615	1.604616	9.633336
3963	406278.684217	52.803300	0.553002	1.570114	9.730019
3965	406280.758221	52.603914	0.539970	1.569788	9.733313
3967	406282.832031	52.589536	0.553622	1.570304	9.635317
3969	406284.906105	54.127833	0.585137	1.604306	9.655999
3971	406286.979888	52.662776	0.385968	1.569023	9.618314
3973	406289.054240	52.787581	0.392568	1.568096	9.477316
3975	406291.127682	52.758336	0.562508	1.569894	9.734134
3977	406293.201499	52.712569	0.413949	1.566145	9.675336
3979	406295.274424	52.737003	0.396273	1.567740	9.474297
3981	406297.349374	52.644333	0.560383	1.568986	9.915931
3983	406299.423295	52.694525	0.563363	1.569202	9.469295
3985	406301.496882	54.893447	0.787581	1.591983	9.710110
3987	406303.570751	52.782877	0.381727	1.567495	9.760768
3989	406305.644776	52.694841	0.403136	1.567717	9.914672
3991	406307.718812	54.125175	3.110567	1.536349	9.393631
3993	406309.791817	54.613175	0.697227	1.602528	9.921881
3995	406311.866608	52.661951	0.374229	1.567565	9.710254
3997	406313.940420	52.734118	0.386860	1.566999	9.466659
3999	406316.013837	53.979873	0.750451	1.602940	9.994912
4001	406318.087202	54.542114	0.624479	1.603399	9.164312
4003	406320.160677	54.007835	0.600329	1.586805	9.862407
4005	406322.235111	52.791358	0.377764	1.566686	9.407090
4007	406324.308783	53.899146	0.654592	1.587330	9.890890
4009	406326.383025	54.060427	3.115517	1.537210	9.690148
4011	406328.457350	54.496889	0.676187	1.588958	9.672434
4013	406330.530104	52.824666	0.386330	1.566344	9.714859
4015	406332.603841	53.294254	0.537686	1.602480	9.672517
4017	406334.676403	52.645028	0.380915	1.567134	9.767017
4019	406336.750022	52.621538	0.383226	1.564409	9.635131
4021	406338.824561	52.756910	0.390036	1.565999	9.320336
4023	406340.898272	52.632046	0.563394	1.567618	9.653926
4025	406342.972851	52.645524	0.555992	1.567471	9.455193
4027	406345.045925	52.687716	0.428080	1.565680	9.571827
4029	406347.120643	52.470328	0.399840	1.565764	9.543364
4031	406349.196642	54.569391	3.322809	1.531645	9.527845
4033	406351.270970	54.271099	0.701215	1.586433	9.605668
4035	406353.344490	52.819487	0.404556	1.565773	9.773692
4037	406355.418540	53.961868	0.615952	1.599391	9.379728
4039	406357.492057	52.626418	0.564441	1.566464	9.593847
4041	406359.565667	52.657585	0.600831	1.566627	9.746907
4043	406361.640287	54.274456	0.593800	1.600639	9.550882
4045	406363.714000	52.658567	0.389598	1.565705	9.625374
4047	406365.787527	52.787593	0.409987	1.564851	9.573682
4049	406367.861935	52.607036	0.554191	1.566137	9.463648
4051	406369.935526	54.294674	0.623131	1.584533	9.773135
4053	406372.009813	52.609893	0.369862	1.563941	9.461554
4055	406374.082874	52.740358	0.407893	1.564562	9.421092
4057	406376.157122	54.494630	0.645008	1.599067	9.672467
4059	406378.231149	54.096003	0.622787	1.599528	9.180741
4061	406380.304891	52.576257	0.427472	1.562268	9.681980
4063	406382.378812	54.646597	3.363255	1.530023	9.158897
4065	406384.452328	52.582366	0.570700	1.565561	9.766051
4067	406386.526581	52.662683	0.399298	1.564818	9.271549
4069	406388.600909	52.700342	0.431260	1.562980	9.505549
4071	406390.674575	52.859214	0.410467	1.562908	9.536293
4073	406392.748630	53.609556	0.585773	1.600157	9.371782
4075	406394.821951	52.662783	0.435420	1.561816	9.444826
4077	406396.896435	52.752505	0.410804	1.563924	9.211485
4079	406398.970454	52.662283	0.391476	1.564661	9.333276
4081	406401.044175	52.699648	0.402109	1.561555	9.529243
4083	406403.117454	54.526531	3.339372	1.529036	9.586327
4085	406405.192194	52.674047	0.433093	1.563487	9.373033
4087	406407.265214	52.721267	0.344121	1.561838	9.386974
4089	406409.339696	52.842860	0.402651	1.563116	9.640663
4091	406411.413724	53.521890	0.632166	1.597152	9.584600
4093	406413.487226	52.686303	0.564488	1.564382	9.635779
4095	406415.561333	52.687668	0.415633	1.563865	9.571299
4097	406417.634869	52.764084	0.416318	1.562969	9.540007
4099	406419.708794	52.835354	0.578021	1.564156	9.665436
4101	406421.782496	54.261840	0.703315	1.598084	9.500770
4103	406423.856879	52.689099	0.443808	1.562653	9.833968
4105	406425.931468	52.797980	0.406496	1.562617	9.749068
4107	406428.004958	52.883664	0.407551	1.562651	9.889281
4109	406430.079352	54.307655	0.710586	1.585312	9.544338
4111	406432.152289	52.828123	0.410771	1.562722	9.858291
4113	406434.225799	52.831048	0.419267	1.562576	9.430933
4115	406436.299494	54.665070	0.775219	1.586520	9.501870
4117	406438.372474	52.746375	0.397779	1.559930	9.767207
4119	406440.447723	55.074424	3.339784	1.528809	9.567357
4121	406442.521861	52.709018	0.385543	1.562638	9.913760
4123	406444.595665	52.969143	0.407089	1.561756	9.899493
4125	406446.670165	53.588409	0.505503	1.597822	9.346844
4127	406448.743387	54.585577	0.570577	1.596651	10.087535
4129	406450.817861	53.416986	0.577697	1.596997	9.570701
4131	406452.891227	54.426697	0.627679	1.597068	9.592720
4133	406454.965359	54.203750	0.608299	1.580410	9.716981
4135	406457.039582	52.621158	0.322937	1.559699	9.199094
4137	406459.112739	52.694217	0.372078	1.560907	9.481970
4139	406461.187100	52.592219	0.380332	1.561223	9.536409
4141	406463.260896	52.926196	0.333753	1.561243	9.643459
4143	406465.335138	52.734741	0.374140	1.558650	9.621626
4145	406467.408873	52.778136	0.396551	1.560343	9.619918
4147	406469.482586	54.493261	0.616203	1.581455	9.517646
4149	406471.556442	52.828968	0.151358	1.559095	9.659542
4151	406473.628836	52.637557	0.320076	1.559166	9.459238
4153	406475.704265	52.774377	0.354950	1.558467	9.154235
4155	406477.778230	52.601913	0.327482	1.559827	9.382218
4157	406479.852047	52.908043	0.383506	1.560068	9.554423
4159	406481.926465	53.531812	0.593723	1.579864	9.839925
4161	406484.000045	52.725736	0.357383	1.560145	9.357481
4163	406486.072825	52.699992	3.538113	1.529556	9.738726
4165	406488.147326	52.808073	0.357789	1.560565	9.824107
4167	406490.219835	53.095853	0.386481	1.559767	9.392614
4169	406492.293429	52.712671	0.401067	1.559500	10.084525
4171	406494.367182	52.762759	0.353010	1.557664	9.501905
4173	406496.441788	52.772772	0.362889	1.559359	9.771651
4175	406498.515586	53.673404	0.533891	1.594826	9.802733
4177	406500.589757	52.682824	0.519193	1.560535	9.521061
4179	406502.663004	55.034930	0.600008	1.595680	10.085749
4181	406504.737472	54.425854	0.608746	1.595313	9.331958
4183	406506.811311	52.689635	0.528475	1.560358	9.507598
4185	406508.884745	54.634740	0.703059	1.581557	9.843976
4187	406510.959008	52.792315	0.388169	1.558924	9.148839
4189	406513.032430	54.487506	0.602858	1.580010	9.765400
4191	406515.106939	52.759261	0.367710	1.556820	9.456690
4193	406517.180574	52.855145	0.389618	1.558398	9.691447
4195	406519.254405	52.706486	0.557620	1.560017	9.712918
4197	406521.328624	54.199476	0.607211	1.577441	9.361915
4199	406523.401360	52.617464	0.338929	1.557334	9.872912
4201	406525.475694	54.411822	3.051882	1.528547	9.341416
4203	406527.550088	54.605689	0.589851	1.595156	9.426650
4205	406529.624681	53.185027	0.995307	1.582785	9.500924
4207	406531.698804	52.766813	0.403855	1.557743	9.325716
4209	406533.772536	52.694987	0.362218	1.557428	9.848343
4211	406535.846667	52.805972	0.150938	1.556778	8.989858
4213	406537.920023	52.802420	0.394024	1.557858	9.753152
4215	406539.994105	52.703181	0.405477	1.557983	9.611512
4217	406542.068210	52.817254	0.405962	1.557602	9.349777
4219	406544.141054	54.288592	0.691074	1.578481	9.555783
4221	406546.215813	52.839799	0.371650	1.555385	9.269741
4223	406548.288731	54.861726	3.237491	1.522372	9.695832
4225	406550.362926	52.675283	0.554763	1.558677	9.457029
4227	406552.436874	52.727753	0.387403	1.557894	9.570187
